   4.2534050e-03
   5.8687480e-03
   7.5899110e-03
   9.9199340e-03
   1.1943323e-02
   1.4069724e-02
   1.6196527e-02
   1.6804986e-02
   1.9133406e-02
   2.1362019e-02
   2.2881966e-02
   2.5617228e-02
   2.7540809e-02
   2.8960949e-02
   3.0377882e-02
   3.1593198e-02
   3.2606896e-02
   3.4329662e-02
   3.6052028e-02
   3.6963114e-02
   3.8381249e-02
   4.0306835e-02
   4.2435241e-02
   4.5273115e-02
   4.7703747e-02
   5.0135581e-02
   5.2972253e-02
   5.5708717e-02
   5.7835920e-02
   5.9355065e-02
   6.0571984e-02
   6.3106029e-02
   6.4829196e-02
   6.8070706e-02
   7.0705761e-02
   7.2630144e-02
   7.4353311e-02
   7.5571433e-02
   7.7191987e-02
   7.9013758e-02
   8.1144970e-02
   8.4488692e-02
   9.0063030e-02
   9.2494464e-02
   9.4927099e-02
   9.7559749e-02
