  -9.4811300e-04
  -8.6714500e-04
  -1.2622630e-03
  -1.9345550e-03
  -2.2500080e-03
  -2.7637710e-03
  -3.3172170e-03
  -3.5547080e-03
  -4.0682710e-03
  -4.7009810e-03
  -5.1756640e-03
  -5.9666010e-03
  -6.4012000e-03
  -6.9950300e-03
  -7.2714020e-03
  -7.5876560e-03
  -7.9437940e-03
  -8.4976400e-03
  -9.0118040e-03
  -9.2093130e-03
  -9.6047320e-03
  -1.0237742e-02
  -1.0949916e-02
  -1.1899482e-02
  -1.2531991e-02
  -1.3283547e-02
  -1.4114066e-02
  -1.5024050e-02
  -1.5617178e-02
  -1.6012496e-02
  -1.6487479e-02
  -1.7357981e-02
  -1.7951510e-02
  -1.8860992e-02
  -1.9731394e-02
  -2.0245358e-02
  -2.0838886e-02
  -2.1432916e-02
  -2.1867816e-02
  -2.2223152e-02
  -2.3213101e-02
  -2.4241530e-02
  -2.6101079e-02
  -2.6812953e-02
  -2.7643873e-02
  -2.8276182e-02
